0.4492, 0.7053, 0.6268, 0.5417, 0.1202, 0.2641, 0.5709, 0.0509, 0.8423, 0.3247, 0.5271, 0.218, 0.7266, 0.6936, 0.0594, 0.7754, 0.4165, 0.744, 0.7656, 0.9473, 0.8545, 0.151,
0.3371, 0.7678, 0.8411, 0.3888, 0.1471, 0.2419, 0.3361, 0.0016, 0.0281, 0.4185, 0.146, 0.0389, 0.6266, 0.2711, 0.3443, 0.1734, 0.6053, 0.1014, 0.8046, 0.28, 0.8501, 0.9775,
0.301, 0.4317, 0.3858, 0.9063, 0.5331, 0.1904, 0.1863, 0.0184, 0.8031, 0.8966, 0.5165, 0.795, 0.088, 0.1403, 0.1258, 0.9229, 0.4724, 0.1575, 0.0949, 0.5724, 0.6655, 0.9261,
0.4618, 0.4622, 0.9401, 0.5695, 0.2549, 0.6702, 0.1419, 0.9205, 0.5963, 0.5967, 0.6064, 0.6897, 0.9353, 0.0704, 0.3689, 0.9391, 0.9866, 0.2605, 0.2438, 0.6049, 0.1731, 0.4549,
0.3738, 0.9695, 0.0681, 0.9956, 0.8652, 0.3119, 0.6005, 0.6735, 0.7668, 0.3568, 0.22, 0.8895, 0.5533, 0.6726, 0.9414, 0.0714, 0.0968, 0.3753, 0.6865, 0.348, 0.0197, 0.8711,
0.7875, 0.1334, 0.9823, 0.8843, 0.1439, 0.6688, 0.8676, 0.1637, 0.5399, 0.9922, 0.498, 0.3728, 0.449, 0.7433, 0.7641, 0.5741, 0.5891, 0.6492, 0.3435, 0.0397, 0.2376, 0.4733,
0.8555, 0.4354, 0.1904, 0.0798, 0.0846, 0.5339, 0.1195, 0.9574, 0.0072, 0.7454, 0.7306, 0.846, 0.9957, 0.4413, 0.0425, 0.3608, 0.344, 0.1499, 0.5135, 0.0153, 0.6044, 0.1857,
0.888, 0.129, 0.525, 0.8673, 0.2789, 0.6737, 0.5178, 0.5185, 0.8594, 0.9836, 0.8816, 0.5849, 0.6988, 0.5432, 0.8424, 0.1613, 0.8761, 0.0809, 0.1146, 0.2797, 0.5099, 0.5125,
0.0565, 0.4831, 0.5886, 0.5679, 0.1993, 0.7032, 0.8476, 0.7092, 0.8509, 0.2508, 0.8171, 0.7864, 0.3701, 0.1655, 0.62, 0.3009, 0.6004, 0.9826, 0.3902, 0.1643, 0.5053, 0.3467,
0.6783, 0.4316, 0.0871, 0.2788, 0.0494, 0.4773, 0.0783, 0.5548, 0.4592, 0.3559, 0.2566, 0.9156, 0.63, 0.0142, 0.1004, 0.4174, 0.0478, 0.7124, 0.2614, 0.1998, 0.5483, 0.6733,
0.4068, 0.0803, 0.8335, 0.0899, 0.7927, 0.095, 0.2897, 0.341, 0.4035, 0.8407, 0.6988, 0.6068, 0.4522, 0.4465, 0.2261, 0.5765, 0.2762, 0.3612, 0.0144, 0.5375, 0.2185, 0.3662,
0.2272, 0.7045, 0.9385, 0.1386, 0.0657, 0.5881, 0.3113, 0.9195, 0.9544, 0.7949, 0.1079, 0.7508, 0.4144, 0.7254, 0.9686, 0.4266, 0.958, 0.6024, 0.8456, 0.6357, 0.0698, 0.3545,
0.0461, 0.1662, 0.8226, 0.0041, 0.4038, 0.6682, 0.275, 0.1089, 0.6579, 0.0163, 0.0115, 0.0814, 0.8396, 0.7857, 0.4147, 0.4435, 0.4031, 0.1099, 0.9099, 0.3603, 0.3789, 0.15,
0.2623, 0.6298, 0.0822, 0.3006, 0.3749, 0.6273, 0.6609, 0.3891, 0.7773, 0.3145, 0.2604, 0.1141, 0.5457, 0.9432, 0.7972, 0.0976, 0.0941, 0.8764, 0.3308, 0.4111, 0.4135, 0.5681,
0.4706, 0.5515, 0.161, 0.5647, 0.0632, 0.4919, 0.9759, 0.1119, 0.6952, 0.1079, 0.3659, 0.4109, 0.705, 0.1183, 0.2904, 0.1434, 0.0859, 0.1733, 0.4793, 0.3184, 0.7737, 0.1158,
0.8771, 0.6791, 0.3232, 0.5982, 0.8524, 0.8025, 0.5519, 0.6261, 0.5535, 0.113, 0.2627, 0.6021, 0.9412, 0.9042, 0.5331, 0.0263, 0.9353, 0.8923, 0.5821, 0.5179, 0.0477, 0.3379,
0.2918, 0.1738, 0.9641, 0.2271, 0.0661, 0.1814, 0.3802, 0.749, 0.5193, 0.8143, 0.0793, 0.5889, 0.0061, 0.7522, 0.498, 0.9567, 0.449, 0.9518, 0.4197, 0.1897, 0.3639, 0.1161,
0.3488, 0.9561, 0.8775, 0.7979, 0.5431, 0.9324, 0.6228, 0.9071, 0.6837, 0.6761, 0.1209, 0.0481, 0.8543, 0.7381, 0.0442, 0.1497, 0.3608, 0.6133, 0.3722, 0.7925, 0.1465, 0.8218,
0.7243, 0.2489, 0.7596, 0.0851, 0.8623, 0.1318, 0.8776, 0.644, 0.5888, 0.8031, 0.1404, 0.146, 0.6106, 0.506, 0.9827, 0.0148, 0.3297, 0.7401, 0.7678, 0.1096, 0.375, 0.9539,
0.9758, 0.0075, 0.5756, 0.3055, 0.3828, 0.3434, 0.0503, 0.7578, 0.9325, 0.1181, 0.6057, 0.3306, 0.0512, 0.3398, 0.4841, 0.9705, 0.6434, 0.6123, 0.6141, 0.8312, 0.1353, 0.978,
0.9636, 0.0322, 0.0575, 0.2423, 0.2797, 0.6717, 0.0735, 0.0503, 0.2849, 0.5899, 0.1108, 0.7749, 0.4357, 0.0502, 0.9446, 0.7512, 0.6496, 0.6752, 0.6777, 0.5269, 0.9815, 0.9097,
0.4608, 0.319, 0.7557, 0.7456, 0.9943, 0.4334, 0.2725, 0.611, 0.3431, 0.0597, 0.5126, 0.1705, 0.2297, 0.6316, 0.3984, 0.6587, 0.9339, 0.7133, 0.6865, 0.2684, 0.0857, 0.9567,
0.4428, 0.61, 0.4665, 0.0119, 0.9585, 0.153, 0.2804, 0.0442, 0.1097, 0.4335, 0.4445, 0.4101, 0.8863, 0.8091, 0.2792, 0.385, 0.5481, 0.5177, 0.3444, 0.6062, 0.5118, 0.6847,
0.2345, 0.7372, 0.749, 0.4179, 0.8901, 0.0935, 0.0241, 0.402, 0.4134, 0.3178, 0.6118, 0.9813, 0.2749, 0.2275, 0.8569, 0.3136, 0.3252, 0.9051, 0.795, 0.0329, 0.4198, 0.2884,
0.6381, 0.5389, 0.9587, 0.9633, 0.444, 0.7537, 0.6314, 0.499, 0.0422, 0.3305, 0.857, 0.3748, 0.0105, 0.898, 0.1852, 0.1158, 0.3971, 0.3596, 0.0909, 0.2686, 0.9182, 0.4839,
0.7311, 0.5014, 0.4704, 0.1282, 0.4962, 0.5613, 0.3968, 0.4144, 0.6805, 0.427, 0.62, 0.5815, 0.2561, 0.1616, 0.8527, 0.8607, 0.75, 0.769, 0.3738, 0.5125, 0.2792, 0.8502,
0.9, 0.0737, 0.5986, 0.2852, 0.8427, 0.6076, 0.433, 0.122, 0.4579, 0.7873, 0.6652, 0.6864, 0.1177, 0.1497, 0.3534, 0.2812, 0.5857, 0.0102, 0.1757, 0.523, 0.5021, 0.1985,
0.81, 0.4475, 0.1588, 0.3957, 0.4577, 0.3346, 0.5539, 0.595, 0.5331, 0.7809, 0.4209, 0.7863, 0.4911, 0.2509, 0.8862, 0.9398, 0.3019, 0.724, 0.9237, 0.4266, 0.4308, 0.1928,
0.4191, 0.502, 0.2913, 0.721, 0.8612, 0.215, 0.1477, 0.9273, 0.0431, 0.177, 0.6726, 0.5733, 0.5661, 0.1904, 0.8634, 0.9803, 0.167, 0.0311, 0.2045, 0.2263, 0.3577, 0.4596,
0.1587, 0.7372, 0.3052, 0.9609, 0.4036, 0.145, 0.8224, 0.3965, 0.6046, 0.2009, 0.0507, 0.1437, 0.0563, 0.8047, 0.2728, 0.0798, 0.5394, 0.7535, 0.5224, 0.4114, 0.8903, 0.686,
0.0798, 0.0933, 0.8638, 0.2544, 0.8468, 0.0214, 0.301, 0.3723, 0.7075, 0.0808, 0.8849, 0.9753, 0.4267, 0.0628, 0.3666, 0.1058, 0.7497, 0.3533, 0.214, 0.5387, 0.01, 0.2831,
0.11, 0.1621, 0.0202, 0.8597, 0.5154, 0.2342, 0.0337, 0.1606, 0.1526, 0.4002, 0.8779, 0.5977, 0.9911, 0.0015, 0.1354, 0.4923, 0.5809, 0.0924, 0.7084, 0.2536, 0.5484, 0.179,
0.8998, 0.1283, 0.1402, 0.1159, 0.8559, 0.8486, 0.0047, 0.0395, 0.0277, 0.413, 0.7006, 0.9784, 0.3485, 0.1818, 0.4168, 0.3311, 0.8232, 0.1344, 0.4238, 0.8972, 0.5075, 0.3762,
0.95, 0.9843, 0.7886, 0.4084, 0.1187, 0.2124, 0.3056, 0.2615, 0.2238, 0.4274, 0.6468, 0.2213, 0.9343, 0.792, 0.8756, 0.3394, 0.5654, 0.1777, 0.6444, 0.1023, 0.6201, 0.0652,
0.1415, 0.6496, 0.9666, 0.3421, 0.4625, 0.2462, 0.4444, 0.0826, 0.3114, 0.9395, 0.6289, 0.0726, 0.1375, 0.7643, 0.6724, 0.4684, 0.832, 0.7297, 0.3846, 0.5192, 0.5757, 0.7092,
0.184, 0.8344, 0.7564, 0.6513, 0.5641, 0.141, 0.1705, 0.1398, 0.8502, 0.1309, 0.4091, 0.1896, 0.1588, 0.9607, 0.8571, 0.5361, 0.2862, 0.5166, 0.6901, 0.8966, 0.413, 0.1862,
0.9856, 0.3595, 0.9173, 0.907, 0.5113, 0.6074, 0.8036, 0.5595, 0.7936, 0.7731, 0.7504, 0.5555, 0.5334, 0.3954, 0.8326, 0.7133, 0.8376, 0.3977, 0.7125, 0.1141, 0.7192, 0.9982,
0.1138, 0.6701, 0.8525, 0.9514, 0.7031, 0.565, 0.7008, 0.4223, 0.1985, 0.6556, 0.6041, 0.2882, 0.8614, 0.0985, 0.6003, 0.0921, 0.7305, 0.2936, 0.9436, 0.9924, 0.5394, 0.7022,
0.9159, 0.7842, 0.7329, 0.2817, 0.713, 0.6766, 0.2741, 0.2524, 0.014, 0.0398, 0.2802, 0.2784, 0.1382, 0.9548, 0.1485, 0.955, 0.1021, 0.1578, 0.5208, 0.9196, 0.3844, 0.0381,
0.1462, 0.5269, 0.7108, 0.8836, 0.6847, 0.2317, 0.8032, 0.7044, 0.905, 0.5137, 0.7861, 0.7965, 0.1672, 0.1283, 0.1969, 0.0028, 0.6545, 0.2381, 0.7544, 0.965, 0.377, 0.7877,
0.0422, 0.9449, 0.5135, 0.6967, 0.8182, 0.2679, 0.2969, 0.8304, 0.6909, 0.2854, 0.6582, 0.4213, 0.8203, 0.2212, 0.1341, 0.9113, 0.5273, 0.9676, 0.419, 0.3603, 0.512, 0.8103,
0.3661, 0.1571, 0.1486, 0.8934, 0.1248, 0.5677, 0.8889, 0.272, 0.378, 0.0374, 0.1952, 0.0181, 0.3136, 0.07, 0.0016, 0.5036, 0.6927, 0.4957, 0.3711, 0.8956, 0.1386, 0.5705,
0.7637, 0.1056, 0.0923, 0.0916, 0.2366, 0.4634, 0.6224, 0.3752, 0.6691, 0.1743, 0.7894, 0.7359, 0.5776, 0.4405, 0.5846, 0.7611, 0.7498, 0.6705, 0.3108, 0.2162, 0.9051, 0.3891,
0.1152, 0.1302, 0.1665, 0.865, 0.8007, 0.4773, 0.7164, 0.3411, 0.5016, 0.1591, 0.6837, 0.858, 0.7355, 0.1123, 0.219, 0.3703, 0.0098, 0.5334, 0.0393, 0.0129, 0.5754, 0.7999,
0.7745, 0.6386, 0.4094, 0.7843, 0.8073, 0.0839, 0.7972, 0.0179, 0.8838, 0.685, 0.7338, 0.0668, 0.1877, 0.6242, 0.0775, 0.7299, 0.6954, 0.8584, 0.3873, 0.2616, 0.8058, 0.5449,
0.2099, 0.1888, 0.1337, 0.9053, 0.0472, 0.1563, 0.167, 0.4883, 0.3364, 0.066, 0.3541, 0.3906, 0.3082, 0.4168, 0.3836, 0.2127, 0.8992, 0.7805, 0.5269, 0.6554, 0.2221, 0.6254,
0.6693, 0.3531, 0.1607, 0.5685, 0.1336, 0.6876, 0.2239, 0.9909, 0.9483, 0.4428, 0.7385, 0.7399, 0.5135, 0.5307, 0.3828, 0.8994, 0.4342, 0.4295, 0.4953, 0.1617, 0.8804, 0.6317,
0.0531, 0.7128, 0.6751, 0.4873, 0.1424, 0.8056, 0.2843, 0.658, 0.0725, 0.856, 0.1455, 0.6428, 0.6909, 0.5767, 0.2177, 0.4134, 0.9773, 0.1055, 0.17, 0.3662, 0.7892, 0.1303,
0.9513, 0.3071, 0.6154, 0.5638, 0.0478, 0.4206, 0.5652, 0.837, 0.1861, 0.4539, 0.6328, 0.1358, 0.1266, 0.3834, 0.9829, 0.6865, 0.464, 0.2409, 0.6643, 0.6222, 0.1741, 0.3999,
0.8331, 0.0149, 0.4147, 0.2971, 0.2558, 0.7142, 0.5545, 0.0651, 0.7494, 0.7478, 0.6132, 0.8044, 0.1702, 0.2431, 0.3706, 0.9671, 0.9623, 0.7741, 0.3506, 0.9887, 0.793, 0.933,
0.2584, 0.7343, 0.8995, 0.2208, 0.5084, 0.8853, 0.2095, 0.9366, 0.8184, 0.9077, 0.8044, 0.8991, 0.1524, 0.5682, 0.5814, 0.2116, 0.364, 0.6271, 0.1039, 0.1747, 0.0875, 0.9285,
0.0076, 0.9917, 0.8898, 0.0068, 0.6188, 0.6289, 0.1816, 0.7063, 0.5575, 0.0581, 0.6036, 0.5004, 0.3367, 0.425, 0.5703, 0.9954, 0.2453, 0.5726, 0.5478, 0.4352, 0.1096, 0.321,
0.7046, 0.5602, 0.6997, 0.95, 0.768, 0.8827, 0.3852, 0.5128, 0.2038, 0.5187, 0.6801, 0.1428, 0.9223, 0.3585, 0.9723, 0.1301, 0.4473, 0.7503, 0.6159, 0.1629, 0.783, 0.1086,
0.3445, 0.6616, 0.6992, 0.427, 0.4119, 0.9503, 0.5899, 0.8301, 0.0589, 0.4521, 0.9099, 0.477, 0.9903, 0.1144, 0.2626, 0.1728, 0.6736, 0.7524, 0.6952, 0.4282, 0.5772, 0.1676,
0.4486, 0.2299, 0.4898, 0.1222, 0.6175, 0.185, 0.1857, 0.1947, 0.3527, 0.7717, 0.1146, 0.0131, 0.0284, 0.3106, 0.3203, 0.2711, 0.1959, 0.8317, 0.223, 0.7428, 0.0423, 0.2372,
0.6691, 0.4811, 0.8287, 0.8651, 0.3128, 0.6869, 0.2431, 0.3551, 0.9241, 0.58, 0.8287, 0.4006, 0.3411, 0.1575, 0.5686, 0.4364, 0.0887, 0.4183, 0.9802, 0.2499, 0.7578, 0.2815,
0.726, 0.5347, 0.3067, 0.45, 0.953, 0.287, 0.6999, 0.7108, 0.2037, 0.3637, 0.6284, 0.6075, 0.2713, 0.4232, 0.9052, 0.5375, 0.3788, 0.3957, 0.108, 0.8155, 0.7149, 0.5436,
0.7733, 0.8377, 0.0978, 0.1521, 0.8686, 0.2058, 0.6028, 0.5835, 0.3846, 0.803, 0.9397, 0.2422, 0.743, 0.2263, 0.6289, 0.2516, 0.479, 0.5212, 0.1214, 0.2664, 0.0851, 0.0764,
0.5549, 0.0457, 0.6753, 0.0339, 0.567, 0.4319, 0.9355, 0.2873, 0.1435, 0.2129, 0.4936, 0.8748, 0.5768, 0.025, 0.8951, 0.6556, 0.4888, 0.8405, 0.143, 0.4256, 0.1542, 0.4178,
0.3191, 0.3259, 0.4589, 0.4431, 0.8017, 0.6019, 0.8687, 0.9559, 0.0197, 0.0997, 0.2649, 0.9503, 0.7195, 0.1133, 0.9264, 0.3031, 0.7433, 0.9613, 0.0768, 0.0543, 0.6716, 0.5196,
0.1681, 0.1554, 0.9561, 0.5467, 0.1167, 0.6681, 0.2362, 0.4235, 0.1877, 0.8036, 0.5077, 0.0856, 0.1715, 0.5127, 0.21, 0.8335, 0.5837, 0.1377, 0.4498, 0.3455, 0.5242, 0.1445,
0.2773, 0.0372, 0.7839, 0.861, 0.1749, 0.2337, 0.8418, 0.3343, 0.0134, 0.386, 0.1175, 0.7213, 0.0849, 0.5441, 0.7275, 0.4738, 0.1997, 0.3867, 0.3957, 0.6459, 0.002, 0.4994,
0.6973, 0.3189, 0.0609, 0.5322, 0.3409, 0.4566, 0.1781, 0.3429, 0.5913, 0.387, 0.2636, 0.4307, 0.8527, 0.2905, 0.0489, 0.0831, 0.8742, 0.9822, 0.5907, 0.1303, 0.3347, 0.5946,
0.2097, 0.6589, 0.3865, 0.7191, 0.2763, 0.9773, 0.8495, 0.611, 0.2071, 0.6812, 0.1671, 0.9179, 0.9135, 0.3229, 0.4956, 0.6639, 0.07, 0.6604, 0.7468, 0.7713, 0.8861, 0.3619,
0.0294, 0.1643, 0.0605, 0.7346, 0.4599, 0.8073, 0.1412, 0.9812, 0.8044, 0.9547, 0.185, 0.5949, 0.4238, 0.568, 0.836, 0.1769, 0.9259, 0.7454, 0.7748, 0.9426, 0.0414, 0.4567,
0.6334, 0.8766, 0.4831, 0.5593, 0.622, 0.258, 0.1372, 0.2986, 0.7147, 0.0081, 0.2485, 0.9733, 0.4184, 0.5843, 0.0797, 0.5352, 0.9537, 0.5827, 0.9518, 0.7577, 0.1462, 0.4679,
0.9037, 0.9987, 0.8945, 0.4926, 0.5814, 0.8464, 0.2504, 0.3628, 0.9495, 0.2721, 0.515, 0.345, 0.1742, 0.1128, 0.9878, 0.8713, 0.7512, 0.572, 0.837, 0.9014, 0.6393, 0.9973,
0.4001, 0.6183, 0.934, 0.7866, 0.1903, 0.4062, 0.3232, 0.8296, 0.4036, 0.9969, 0.7943, 0.6984, 0.1063, 0.0695, 0.2989, 0.1703, 0.6285, 0.6235, 0.7733, 0.1862, 0.8427, 0.2337,
0.9615, 0.5425, 0.439, 0.5901, 0.1661, 0.2123, 0.7763, 0.0088, 0.0812, 0.7369, 0.5522, 0.2961, 0.8345, 0.3811, 0.3995, 0.5843, 0.5701, 0.9304, 0.0046, 0.0126, 0.0305, 0.2115,
0.2468, 0.8711, 0.754, 0.817, 0.4367, 0.7586, 0.4648, 0.1024, 0.9701, 0.1103, 0.6392, 0.347, 0.2182, 0.7212, 0.2509, 0.5829, 0.0468, 0.7883, 0.5443, 0.915, 0.0351, 0.7311,
0.1824, 0.9151, 0.8389, 0.8645, 0.3387, 0.0184, 0.7795, 0.3738, 0.3847, 0.9991, 0.8681, 0.0789, 0.2618, 0.5378, 0.7435, 0.0254, 0.044, 0.9427, 0.4007, 0.0564, 0.8959, 0.8633,
0.5284, 0.7844, 0.5368, 0.2076, 0.7271, 0.5727, 0.264, 0.2582, 0.4361, 0.4048, 0.5012, 0.2269, 0.7324, 0.0613, 0.0556, 0.8859, 0.9209, 0.505, 0.8571, 0.6956, 0.4286, 0.0576,
0.9762, 0.1676, 0.8508, 0.8971, 0.6727, 0.708, 0.2279, 0.7365, 0.4008, 0.0369, 0.7423, 0.7089, 0.9684, 0.0748, 0.2665, 0.5256, 0.0835, 0.9707, 0.2464, 0.8766, 0.2117, 0.5396,
0.0519, 0.4053, 0.1689, 0.1354, 0.376, 0.4153, 0.6472, 0.5878, 0.5901, 0.6792, 0.6133, 0.3222, 0.7602, 0.524, 0.9219, 0.3912, 0.5467, 0.8514, 0.9985, 0.737, 0.2669, 0.1382,
0.4657, 0.8779, 0.3827, 0.6476, 0.3645, 0.0164, 0.3847, 0.2666, 0.7898, 0.9848, 0.2922, 0.9308, 0.4548, 0.1125, 0.1116, 0.2667, 0.4365, 0.3005, 0.7657, 0.1659, 0.2935, 0.0353,
0.7462, 0.3119, 0.9219, 0.8179, 0.2476, 0.6877, 0.619, 0.5411, 0.723, 0.5255, 0.8783, 0.6752, 0.7604, 0.8492, 0.8586, 0.5723, 0.776, 0.0334, 0.8499, 0.216, 0.2262, 0.4103,
0.0037, 0.0775, 0.9426, 0.4149, 0.111, 0.4277, 0.2661, 0.9724, 0.8381, 0.557, 0.043, 0.1936, 0.9189, 0.7478, 0.479, 0.9144, 0.653, 0.7845, 0.2914, 0.5052, 0.6471, 0.1215,
0.9119, 0.3376, 0.0165, 0.2001, 0.7573, 0.9431, 0.7053, 0.4044, 0.0646, 0.3104, 0.237, 0.2705, 0.5565, 0.343, 0.451, 0.9571, 0.6679, 0.6371, 0.6318, 0.0703, 0.7659, 0.7215,
0.4663, 0.1085, 0.7808, 0.7694, 0.7456, 0.4126, 0.8397, 0.1467, 0.1341, 0.4235, 0.7395, 0.8466, 0.1284, 0.3621, 0.1071, 0.3621, 0.4785, 0.8345, 0.1429, 0.5678, 0.2137, 0.1238,
0.3182, 0.0878, 0.9542, 0.4319, 0.9223, 0.0971, 0.9997, 0.136, 0.2209, 0.0493, 0.672, 0.6662, 0.6204, 0.9598, 0.3785, 0.3147, 0.5402, 0.6441, 0.4754, 0.2291, 0.3257, 0.0406,
0.5831, 0.4538, 0.4762, 0.7585, 0.7332, 0.5868, 0.9876, 0.6941, 0.2626, 0.2864, 0.3845, 0.3435, 0.8018, 0.9385, 0.2529, 0.2732, 0.4732, 0.7544, 0.698, 0.0956, 0.2102, 0.1899,
0.9927, 0.4822, 0.0816, 0.4659, 0.8718, 0.4148, 0.5615, 0.0821, 0.6048, 0.8372, 0.4805, 0.2864, 0.0641, 0.288, 0.1443, 0.9143, 0.806, 0.7989, 0.9828, 0.7778, 0.9296, 0.8098,
0.5077, 0.242, 0.5832, 0.3137, 0.0409, 0.2012, 0.0916, 0.6057, 0.011, 0.8449, 0.5233, 0.2706, 0.2678, 0.6915, 0.2664, 0.1096, 0.089, 0.7059, 0.5794, 0.6039, 0.2271, 0.1502,
0.4459, 0.7944, 0.3555, 0.1701, 0.1355, 0.5701, 0.7741, 0.3626, 0.3556, 0.4, 0.1609, 0.6382, 0.4947, 0.1352, 0.1609, 0.8092, 0.2072, 0.9876, 0.2667, 0.1563, 0.3976, 0.0379,
0.9236, 0.1107, 0.1315, 0.766, 0.0984, 0.3982, 0.9224, 0.1312, 0.0713, 0.0688, 0.4103, 0.972, 0.4462, 0.3116, 0.486, 0.5779, 0.7409, 0.2459, 0.7908, 0.5997, 0.3613, 0.1738,
0.6411, 0.0804, 0.3502, 0.382, 0.3263, 0.141, 0.617, 0.6877, 0.95, 0.2111, 0.3698, 0.9161, 0.7975, 0.3636, 0.7097, 0.1723, 0.672, 0.8256, 0.106, 0.0911, 0.0729, 0.1705,
0.0337, 0.8638, 0.8546, 0.7057, 0.6894, 0.9606, 0.4321, 0.3976, 0.7663, 0.3112, 0.3865, 0.1941, 0.1094, 0.3626, 0.948, 0.2372, 0.9332, 0.4742, 0.6413, 0.9491, 0.9858, 0.4274,
0.2714, 0.7563, 0.3616, 0.8399, 0.8657, 0.0029, 0.789, 0.8516, 0.4303, 0.7155, 0.1253, 0.2609, 0.3071, 0.637, 0.341, 0.5688, 0.938, 0.1034, 0.4995, 0.1029, 0.7203, 0.5008,
0.1326, 0.3759, 0.4209, 0.0706, 0.1145, 0.9204, 0.1735, 0.8349, 0.0564, 0.7659, 0.4032, 0.261, 0.2454, 0.9505, 0.8453, 0.2689, 0.9414, 0.554, 0.1991, 0.6887, 0.6243, 0.9691,
0.4559, 0.0645, 0.095, 0.0325, 0.6185, 0.9293, 0.7212, 0.878, 0.8984, 0.2933, 0.2107, 0.4266, 0.9652, 0.6821, 0.4998, 0.1327, 0.1885, 0.7898, 0.4327, 0.706, 0.5007, 0.8034,
0.3985, 0.8739, 0.4521, 0.2222, 0.6637, 0.8849, 0.9282, 0.1644, 0.3235, 0.2662, 0.5669, 0.9416, 0.0712, 0.6571, 0.8699, 0.3816, 0.9666, 0.2595, 0.783, 0.9757, 0.3792, 0.217,
0.5817, 0.7885, 0.999, 0.1835, 0.6832, 0.4172, 0.1593, 0.6977, 0.6343, 0.7627, 0.4908, 0.277, 0.8717, 0.8666, 0.0035, 0.6971, 0.6165, 0.0494, 0.5562, 0.8756, 0.5475, 0.6375,
0.529, 0.1416, 0.2426, 0.7807, 0.8263, 0.7988, 0.6564, 0.009, 0.0716, 0.7253, 0.21, 0.7186, 0.5167, 0.7527, 0.2766, 0.5975, 0.8492, 0.452, 0.8952, 0.3694, 0.6264, 0.0117,
0.7923, 0.5206, 0.2126, 0.2767, 0.9727, 0.743, 0.6461, 0.5991, 0.7548, 0.8543, 0.8172, 0.0423, 0.9636, 0.2613, 0.0036, 0.7354, 0.8435, 0.1455, 0.0361, 0.2025, 0.53, 0.1176,
0.9241, 0.1366, 0.796, 0.7676, 0.2821, 0.8321, 0.6054, 0.8121, 0.585, 0.6285, 0.1607, 0.0757, 0.846, 0.7642, 0.3001, 0.1031, 0.2469, 0.7747, 0.1525, 0.615, 0.462, 0.1138,
0.9071, 0.103, 0.2447, 0.154, 0.8777, 0.3972, 0.4042, 0.9749, 0.1462, 0.9953, 0.1376, 0.8675, 0.432, 0.7558, 0.0505, 0.8964, 0.8719, 0.2941, 0.2849, 0.1246, 0.9689, 0.0762,
0.2199, 0.8869, 0.4793, 0.0918, 0.8162, 0.7642, 0.2164, 0.7851, 0.4756, 0.511, 0.261, 0.5838, 0.1527, 0.1936, 0.3525, 0.9372, 0.2939, 0.2628, 0.6289, 0.1324, 0.7826, 0.1097,
0.3537, 0.3841, 0.6738, 0.2828, 0.6469, 0.3027, 0.4152, 0.0647, 0.0476, 0.899, 0.6701, 0.0425, 0.0741, 0.6092, 0.553, 0.3484, 0.7495, 0.6464, 0.8426, 0.412, 0.2191, 0.4286,
0.6808, 0.4414, 0.864, 0.0655, 0.0878, 0.7066, 0.1128, 0.3069, 0.1352, 0.6388, 0.4981, 0.0014, 0.6991, 0.5019, 0.4515, 0.2843, 0.1724, 0.0029, 0.2232, 0.2271, 0.8633, 0.0801,
0.1379, 0.7387, 0.1535, 0.3103, 0.7416, 0.0119, 0.5374, 0.2401, 0.7272, 0.1013, 0.9017, 0.7146, 0.0666, 0.774, 0.1435, 0.1036, 0.17, 0.4529, 0.8213, 0.0075, 0.2616, 0.6046